{
 "cells": [
  {
   "cell_type": "code",
   "execution_count": 64,
   "metadata": {},
   "outputs": [],
   "source": [
    "#pip install plotly"
   ]
  },
  {
   "cell_type": "code",
   "execution_count": 185,
   "metadata": {},
   "outputs": [],
   "source": [
    "import pandas as pd\n",
    "import matplotlib.pyplot as plt\n",
    "import seaborn as sns\n",
    "import plotly.graph_objects as go\n",
    "import plotly.express as px\n",
    "from datetime import datetime\n",
    "\n",
    "import matplotlib.pyplot as plt\n",
    "%matplotlib inline"
   ]
  },
  {
   "cell_type": "code",
   "execution_count": 186,
   "metadata": {},
   "outputs": [],
   "source": [
    "df = pd.read_csv('air_status.csv') \n",
    "# Copy the RAW LINK ADDRESS of the file and use it "
   ]
  },
  {
   "cell_type": "code",
   "execution_count": 102,
   "metadata": {},
   "outputs": [
    {
     "name": "stdout",
     "output_type": "stream",
     "text": [
      "['SITE_ID', 'DATEON', 'DATEOFF', 'TSO4', 'TNO3', 'TNH4', 'Ca', 'Mg', 'Na', 'K', 'Cl', 'NSO4', 'NHNO3', 'WSO2', 'TOTAL_SO2', 'TOTAL_NO3', 'FLOW_VOLUME', 'VALID_HOURS', 'COMMENT_CODES', 'STD2LOCAL_CF', 'TEMP_SOURCE', 'QA_CODE', 'UPDATE_DATE']\n"
     ]
    }
   ],
   "source": [
    "print(list(df.columns))"
   ]
  },
  {
   "cell_type": "code",
   "execution_count": 105,
   "metadata": {},
   "outputs": [
    {
     "name": "stdout",
     "output_type": "stream",
     "text": [
      "<class 'pandas.core.frame.DataFrame'>\n",
      "RangeIndex: 6159 entries, 0 to 6158\n",
      "Data columns (total 23 columns):\n",
      " #   Column         Non-Null Count  Dtype  \n",
      "---  ------         --------------  -----  \n",
      " 0   SITE_ID        6159 non-null   object \n",
      " 1   DATEON         6159 non-null   object \n",
      " 2   DATEOFF        6159 non-null   object \n",
      " 3   TSO4           6159 non-null   float64\n",
      " 4   TNO3           6159 non-null   float64\n",
      " 5   TNH4           6159 non-null   float64\n",
      " 6   Ca             4936 non-null   float64\n",
      " 7   Mg             4936 non-null   float64\n",
      " 8   Na             4936 non-null   float64\n",
      " 9   K              4932 non-null   float64\n",
      " 10  Cl             3862 non-null   float64\n",
      " 11  NSO4           6159 non-null   float64\n",
      " 12  NHNO3          6159 non-null   float64\n",
      " 13  WSO2           6159 non-null   float64\n",
      " 14  TOTAL_SO2      6159 non-null   float64\n",
      " 15  TOTAL_NO3      6159 non-null   float64\n",
      " 16  FLOW_VOLUME    6159 non-null   float64\n",
      " 17  VALID_HOURS    6159 non-null   int64  \n",
      " 18  COMMENT_CODES  1317 non-null   object \n",
      " 19  STD2LOCAL_CF   6159 non-null   float64\n",
      " 20  TEMP_SOURCE    6159 non-null   object \n",
      " 21  QA_CODE        6159 non-null   int64  \n",
      " 22  UPDATE_DATE    6159 non-null   object \n",
      "dtypes: float64(15), int64(2), object(6)\n",
      "memory usage: 1.1+ MB\n"
     ]
    }
   ],
   "source": [
    "df.info()"
   ]
  },
  {
   "cell_type": "code",
   "execution_count": 106,
   "metadata": {},
   "outputs": [
    {
     "data": {
      "text/html": [
       "<div>\n",
       "<style scoped>\n",
       "    .dataframe tbody tr th:only-of-type {\n",
       "        vertical-align: middle;\n",
       "    }\n",
       "\n",
       "    .dataframe tbody tr th {\n",
       "        vertical-align: top;\n",
       "    }\n",
       "\n",
       "    .dataframe thead th {\n",
       "        text-align: right;\n",
       "    }\n",
       "</style>\n",
       "<table border=\"1\" class=\"dataframe\">\n",
       "  <thead>\n",
       "    <tr style=\"text-align: right;\">\n",
       "      <th></th>\n",
       "      <th>TSO4</th>\n",
       "      <th>TNO3</th>\n",
       "      <th>TNH4</th>\n",
       "      <th>Ca</th>\n",
       "      <th>Mg</th>\n",
       "      <th>Na</th>\n",
       "      <th>K</th>\n",
       "      <th>Cl</th>\n",
       "      <th>NSO4</th>\n",
       "      <th>NHNO3</th>\n",
       "      <th>WSO2</th>\n",
       "      <th>TOTAL_SO2</th>\n",
       "      <th>TOTAL_NO3</th>\n",
       "      <th>FLOW_VOLUME</th>\n",
       "      <th>VALID_HOURS</th>\n",
       "      <th>STD2LOCAL_CF</th>\n",
       "      <th>QA_CODE</th>\n",
       "    </tr>\n",
       "  </thead>\n",
       "  <tbody>\n",
       "    <tr>\n",
       "      <th>count</th>\n",
       "      <td>6159.000000</td>\n",
       "      <td>6159.000000</td>\n",
       "      <td>6159.000000</td>\n",
       "      <td>4936.000000</td>\n",
       "      <td>4936.000000</td>\n",
       "      <td>4936.000000</td>\n",
       "      <td>4932.000000</td>\n",
       "      <td>3862.000000</td>\n",
       "      <td>6159.000000</td>\n",
       "      <td>6159.000000</td>\n",
       "      <td>6159.000000</td>\n",
       "      <td>6159.000000</td>\n",
       "      <td>6159.000000</td>\n",
       "      <td>6159.000000</td>\n",
       "      <td>6159.000000</td>\n",
       "      <td>6159.000000</td>\n",
       "      <td>6159.000000</td>\n",
       "    </tr>\n",
       "    <tr>\n",
       "      <th>mean</th>\n",
       "      <td>0.868275</td>\n",
       "      <td>0.748712</td>\n",
       "      <td>0.346072</td>\n",
       "      <td>0.171963</td>\n",
       "      <td>0.046181</td>\n",
       "      <td>0.213581</td>\n",
       "      <td>0.059195</td>\n",
       "      <td>0.107112</td>\n",
       "      <td>0.083126</td>\n",
       "      <td>1.212752</td>\n",
       "      <td>0.383226</td>\n",
       "      <td>0.438670</td>\n",
       "      <td>1.942182</td>\n",
       "      <td>32.102340</td>\n",
       "      <td>167.832927</td>\n",
       "      <td>1.100730</td>\n",
       "      <td>2.994155</td>\n",
       "    </tr>\n",
       "    <tr>\n",
       "      <th>std</th>\n",
       "      <td>0.590911</td>\n",
       "      <td>0.861001</td>\n",
       "      <td>0.311085</td>\n",
       "      <td>0.156001</td>\n",
       "      <td>0.039782</td>\n",
       "      <td>0.246178</td>\n",
       "      <td>0.050476</td>\n",
       "      <td>0.260301</td>\n",
       "      <td>0.074883</td>\n",
       "      <td>1.064103</td>\n",
       "      <td>0.386834</td>\n",
       "      <td>0.419756</td>\n",
       "      <td>1.562368</td>\n",
       "      <td>6.557159</td>\n",
       "      <td>22.503073</td>\n",
       "      <td>0.073697</td>\n",
       "      <td>0.107972</td>\n",
       "    </tr>\n",
       "    <tr>\n",
       "      <th>min</th>\n",
       "      <td>0.028000</td>\n",
       "      <td>0.022200</td>\n",
       "      <td>0.014900</td>\n",
       "      <td>0.002200</td>\n",
       "      <td>0.001900</td>\n",
       "      <td>0.003500</td>\n",
       "      <td>0.003300</td>\n",
       "      <td>0.006900</td>\n",
       "      <td>0.014900</td>\n",
       "      <td>0.025900</td>\n",
       "      <td>0.015000</td>\n",
       "      <td>0.025500</td>\n",
       "      <td>0.051500</td>\n",
       "      <td>2.479000</td>\n",
       "      <td>25.000000</td>\n",
       "      <td>0.955048</td>\n",
       "      <td>1.000000</td>\n",
       "    </tr>\n",
       "    <tr>\n",
       "      <th>25%</th>\n",
       "      <td>0.405350</td>\n",
       "      <td>0.219800</td>\n",
       "      <td>0.143400</td>\n",
       "      <td>0.062375</td>\n",
       "      <td>0.017200</td>\n",
       "      <td>0.054100</td>\n",
       "      <td>0.026200</td>\n",
       "      <td>0.014525</td>\n",
       "      <td>0.039500</td>\n",
       "      <td>0.407650</td>\n",
       "      <td>0.147850</td>\n",
       "      <td>0.185250</td>\n",
       "      <td>0.752050</td>\n",
       "      <td>30.238700</td>\n",
       "      <td>165.000000</td>\n",
       "      <td>1.026224</td>\n",
       "      <td>3.000000</td>\n",
       "    </tr>\n",
       "    <tr>\n",
       "      <th>50%</th>\n",
       "      <td>0.753100</td>\n",
       "      <td>0.524900</td>\n",
       "      <td>0.269300</td>\n",
       "      <td>0.135250</td>\n",
       "      <td>0.035350</td>\n",
       "      <td>0.131250</td>\n",
       "      <td>0.048300</td>\n",
       "      <td>0.017500</td>\n",
       "      <td>0.061500</td>\n",
       "      <td>0.903200</td>\n",
       "      <td>0.261900</td>\n",
       "      <td>0.309700</td>\n",
       "      <td>1.582800</td>\n",
       "      <td>33.107000</td>\n",
       "      <td>167.000000</td>\n",
       "      <td>1.121092</td>\n",
       "      <td>3.000000</td>\n",
       "    </tr>\n",
       "    <tr>\n",
       "      <th>75%</th>\n",
       "      <td>1.219500</td>\n",
       "      <td>0.986750</td>\n",
       "      <td>0.458300</td>\n",
       "      <td>0.240800</td>\n",
       "      <td>0.064900</td>\n",
       "      <td>0.267825</td>\n",
       "      <td>0.076600</td>\n",
       "      <td>0.054275</td>\n",
       "      <td>0.097050</td>\n",
       "      <td>1.711100</td>\n",
       "      <td>0.460950</td>\n",
       "      <td>0.520950</td>\n",
       "      <td>2.736250</td>\n",
       "      <td>35.048350</td>\n",
       "      <td>169.000000</td>\n",
       "      <td>1.160566</td>\n",
       "      <td>3.000000</td>\n",
       "    </tr>\n",
       "    <tr>\n",
       "      <th>max</th>\n",
       "      <td>4.086800</td>\n",
       "      <td>13.586900</td>\n",
       "      <td>4.892800</td>\n",
       "      <td>1.964800</td>\n",
       "      <td>0.307100</td>\n",
       "      <td>2.160100</td>\n",
       "      <td>1.046400</td>\n",
       "      <td>2.483400</td>\n",
       "      <td>0.848200</td>\n",
       "      <td>6.826500</td>\n",
       "      <td>3.813300</td>\n",
       "      <td>4.139700</td>\n",
       "      <td>14.350700</td>\n",
       "      <td>199.145900</td>\n",
       "      <td>1000.000000</td>\n",
       "      <td>1.246344</td>\n",
       "      <td>3.000000</td>\n",
       "    </tr>\n",
       "  </tbody>\n",
       "</table>\n",
       "</div>"
      ],
      "text/plain": [
       "              TSO4         TNO3         TNH4           Ca           Mg  \\\n",
       "count  6159.000000  6159.000000  6159.000000  4936.000000  4936.000000   \n",
       "mean      0.868275     0.748712     0.346072     0.171963     0.046181   \n",
       "std       0.590911     0.861001     0.311085     0.156001     0.039782   \n",
       "min       0.028000     0.022200     0.014900     0.002200     0.001900   \n",
       "25%       0.405350     0.219800     0.143400     0.062375     0.017200   \n",
       "50%       0.753100     0.524900     0.269300     0.135250     0.035350   \n",
       "75%       1.219500     0.986750     0.458300     0.240800     0.064900   \n",
       "max       4.086800    13.586900     4.892800     1.964800     0.307100   \n",
       "\n",
       "                Na            K           Cl         NSO4        NHNO3  \\\n",
       "count  4936.000000  4932.000000  3862.000000  6159.000000  6159.000000   \n",
       "mean      0.213581     0.059195     0.107112     0.083126     1.212752   \n",
       "std       0.246178     0.050476     0.260301     0.074883     1.064103   \n",
       "min       0.003500     0.003300     0.006900     0.014900     0.025900   \n",
       "25%       0.054100     0.026200     0.014525     0.039500     0.407650   \n",
       "50%       0.131250     0.048300     0.017500     0.061500     0.903200   \n",
       "75%       0.267825     0.076600     0.054275     0.097050     1.711100   \n",
       "max       2.160100     1.046400     2.483400     0.848200     6.826500   \n",
       "\n",
       "              WSO2    TOTAL_SO2    TOTAL_NO3  FLOW_VOLUME  VALID_HOURS  \\\n",
       "count  6159.000000  6159.000000  6159.000000  6159.000000  6159.000000   \n",
       "mean      0.383226     0.438670     1.942182    32.102340   167.832927   \n",
       "std       0.386834     0.419756     1.562368     6.557159    22.503073   \n",
       "min       0.015000     0.025500     0.051500     2.479000    25.000000   \n",
       "25%       0.147850     0.185250     0.752050    30.238700   165.000000   \n",
       "50%       0.261900     0.309700     1.582800    33.107000   167.000000   \n",
       "75%       0.460950     0.520950     2.736250    35.048350   169.000000   \n",
       "max       3.813300     4.139700    14.350700   199.145900  1000.000000   \n",
       "\n",
       "       STD2LOCAL_CF      QA_CODE  \n",
       "count   6159.000000  6159.000000  \n",
       "mean       1.100730     2.994155  \n",
       "std        0.073697     0.107972  \n",
       "min        0.955048     1.000000  \n",
       "25%        1.026224     3.000000  \n",
       "50%        1.121092     3.000000  \n",
       "75%        1.160566     3.000000  \n",
       "max        1.246344     3.000000  "
      ]
     },
     "execution_count": 106,
     "metadata": {},
     "output_type": "execute_result"
    }
   ],
   "source": [
    "df.describe()"
   ]
  },
  {
   "cell_type": "code",
   "execution_count": 107,
   "metadata": {},
   "outputs": [
    {
     "data": {
      "text/html": [
       "<div>\n",
       "<style scoped>\n",
       "    .dataframe tbody tr th:only-of-type {\n",
       "        vertical-align: middle;\n",
       "    }\n",
       "\n",
       "    .dataframe tbody tr th {\n",
       "        vertical-align: top;\n",
       "    }\n",
       "\n",
       "    .dataframe thead th {\n",
       "        text-align: right;\n",
       "    }\n",
       "</style>\n",
       "<table border=\"1\" class=\"dataframe\">\n",
       "  <thead>\n",
       "    <tr style=\"text-align: right;\">\n",
       "      <th></th>\n",
       "      <th>TSO4</th>\n",
       "      <th>TNO3</th>\n",
       "      <th>TNH4</th>\n",
       "      <th>Ca</th>\n",
       "      <th>Mg</th>\n",
       "      <th>Na</th>\n",
       "      <th>K</th>\n",
       "      <th>Cl</th>\n",
       "      <th>NSO4</th>\n",
       "      <th>NHNO3</th>\n",
       "      <th>WSO2</th>\n",
       "      <th>TOTAL_SO2</th>\n",
       "      <th>TOTAL_NO3</th>\n",
       "      <th>FLOW_VOLUME</th>\n",
       "      <th>VALID_HOURS</th>\n",
       "      <th>STD2LOCAL_CF</th>\n",
       "      <th>QA_CODE</th>\n",
       "    </tr>\n",
       "  </thead>\n",
       "  <tbody>\n",
       "    <tr>\n",
       "      <th>TSO4</th>\n",
       "      <td>1.000000</td>\n",
       "      <td>0.431491</td>\n",
       "      <td>0.654286</td>\n",
       "      <td>0.664801</td>\n",
       "      <td>0.667884</td>\n",
       "      <td>0.441099</td>\n",
       "      <td>0.657658</td>\n",
       "      <td>0.074109</td>\n",
       "      <td>0.489416</td>\n",
       "      <td>0.693232</td>\n",
       "      <td>0.724741</td>\n",
       "      <td>0.726136</td>\n",
       "      <td>0.702431</td>\n",
       "      <td>-0.088086</td>\n",
       "      <td>-0.006632</td>\n",
       "      <td>-0.007614</td>\n",
       "      <td>-0.014159</td>\n",
       "    </tr>\n",
       "    <tr>\n",
       "      <th>TNO3</th>\n",
       "      <td>0.431491</td>\n",
       "      <td>1.000000</td>\n",
       "      <td>0.803569</td>\n",
       "      <td>0.329786</td>\n",
       "      <td>0.367819</td>\n",
       "      <td>0.289886</td>\n",
       "      <td>0.377918</td>\n",
       "      <td>0.085575</td>\n",
       "      <td>0.219954</td>\n",
       "      <td>0.334437</td>\n",
       "      <td>0.221154</td>\n",
       "      <td>0.229984</td>\n",
       "      <td>0.775245</td>\n",
       "      <td>-0.153264</td>\n",
       "      <td>-0.005436</td>\n",
       "      <td>-0.158999</td>\n",
       "      <td>0.011486</td>\n",
       "    </tr>\n",
       "    <tr>\n",
       "      <th>TNH4</th>\n",
       "      <td>0.654286</td>\n",
       "      <td>0.803569</td>\n",
       "      <td>1.000000</td>\n",
       "      <td>0.392129</td>\n",
       "      <td>0.218737</td>\n",
       "      <td>0.027599</td>\n",
       "      <td>0.480440</td>\n",
       "      <td>-0.148294</td>\n",
       "      <td>0.433722</td>\n",
       "      <td>0.527029</td>\n",
       "      <td>0.534631</td>\n",
       "      <td>0.544311</td>\n",
       "      <td>0.796080</td>\n",
       "      <td>-0.174184</td>\n",
       "      <td>-0.031365</td>\n",
       "      <td>0.037806</td>\n",
       "      <td>0.004497</td>\n",
       "    </tr>\n",
       "    <tr>\n",
       "      <th>Ca</th>\n",
       "      <td>0.664801</td>\n",
       "      <td>0.329786</td>\n",
       "      <td>0.392129</td>\n",
       "      <td>1.000000</td>\n",
       "      <td>0.649935</td>\n",
       "      <td>0.308132</td>\n",
       "      <td>0.637724</td>\n",
       "      <td>0.017668</td>\n",
       "      <td>0.213661</td>\n",
       "      <td>0.579066</td>\n",
       "      <td>0.495021</td>\n",
       "      <td>0.480306</td>\n",
       "      <td>0.564870</td>\n",
       "      <td>0.053682</td>\n",
       "      <td>0.058433</td>\n",
       "      <td>0.018582</td>\n",
       "      <td>-0.011063</td>\n",
       "    </tr>\n",
       "    <tr>\n",
       "      <th>Mg</th>\n",
       "      <td>0.667884</td>\n",
       "      <td>0.367819</td>\n",
       "      <td>0.218737</td>\n",
       "      <td>0.649935</td>\n",
       "      <td>1.000000</td>\n",
       "      <td>0.884034</td>\n",
       "      <td>0.621111</td>\n",
       "      <td>0.625558</td>\n",
       "      <td>0.238553</td>\n",
       "      <td>0.341450</td>\n",
       "      <td>0.381232</td>\n",
       "      <td>0.378345</td>\n",
       "      <td>0.432192</td>\n",
       "      <td>-0.054941</td>\n",
       "      <td>0.049241</td>\n",
       "      <td>-0.279286</td>\n",
       "      <td>-0.029720</td>\n",
       "    </tr>\n",
       "    <tr>\n",
       "      <th>Na</th>\n",
       "      <td>0.441099</td>\n",
       "      <td>0.289886</td>\n",
       "      <td>0.027599</td>\n",
       "      <td>0.308132</td>\n",
       "      <td>0.884034</td>\n",
       "      <td>1.000000</td>\n",
       "      <td>0.378620</td>\n",
       "      <td>0.821084</td>\n",
       "      <td>0.101704</td>\n",
       "      <td>0.106663</td>\n",
       "      <td>0.136520</td>\n",
       "      <td>0.137343</td>\n",
       "      <td>0.235053</td>\n",
       "      <td>-0.099475</td>\n",
       "      <td>0.034107</td>\n",
       "      <td>-0.385683</td>\n",
       "      <td>-0.022030</td>\n",
       "    </tr>\n",
       "    <tr>\n",
       "      <th>K</th>\n",
       "      <td>0.657658</td>\n",
       "      <td>0.377918</td>\n",
       "      <td>0.480440</td>\n",
       "      <td>0.637724</td>\n",
       "      <td>0.621111</td>\n",
       "      <td>0.378620</td>\n",
       "      <td>1.000000</td>\n",
       "      <td>0.132691</td>\n",
       "      <td>0.438335</td>\n",
       "      <td>0.472186</td>\n",
       "      <td>0.591000</td>\n",
       "      <td>0.594354</td>\n",
       "      <td>0.522962</td>\n",
       "      <td>-0.080717</td>\n",
       "      <td>0.014928</td>\n",
       "      <td>-0.089868</td>\n",
       "      <td>0.002752</td>\n",
       "    </tr>\n",
       "    <tr>\n",
       "      <th>Cl</th>\n",
       "      <td>0.074109</td>\n",
       "      <td>0.085575</td>\n",
       "      <td>-0.148294</td>\n",
       "      <td>0.017668</td>\n",
       "      <td>0.625558</td>\n",
       "      <td>0.821084</td>\n",
       "      <td>0.132691</td>\n",
       "      <td>1.000000</td>\n",
       "      <td>-0.026805</td>\n",
       "      <td>-0.181365</td>\n",
       "      <td>-0.087440</td>\n",
       "      <td>-0.083536</td>\n",
       "      <td>-0.068791</td>\n",
       "      <td>-0.180353</td>\n",
       "      <td>0.011262</td>\n",
       "      <td>-0.394101</td>\n",
       "      <td>-0.042058</td>\n",
       "    </tr>\n",
       "    <tr>\n",
       "      <th>NSO4</th>\n",
       "      <td>0.489416</td>\n",
       "      <td>0.219954</td>\n",
       "      <td>0.433722</td>\n",
       "      <td>0.213661</td>\n",
       "      <td>0.238553</td>\n",
       "      <td>0.101704</td>\n",
       "      <td>0.438335</td>\n",
       "      <td>-0.026805</td>\n",
       "      <td>1.000000</td>\n",
       "      <td>0.277948</td>\n",
       "      <td>0.622623</td>\n",
       "      <td>0.692781</td>\n",
       "      <td>0.307510</td>\n",
       "      <td>-0.275547</td>\n",
       "      <td>-0.049696</td>\n",
       "      <td>0.068242</td>\n",
       "      <td>0.006305</td>\n",
       "    </tr>\n",
       "    <tr>\n",
       "      <th>NHNO3</th>\n",
       "      <td>0.693232</td>\n",
       "      <td>0.334437</td>\n",
       "      <td>0.527029</td>\n",
       "      <td>0.579066</td>\n",
       "      <td>0.341450</td>\n",
       "      <td>0.106663</td>\n",
       "      <td>0.472186</td>\n",
       "      <td>-0.181365</td>\n",
       "      <td>0.277948</td>\n",
       "      <td>1.000000</td>\n",
       "      <td>0.584564</td>\n",
       "      <td>0.571791</td>\n",
       "      <td>0.854559</td>\n",
       "      <td>0.015689</td>\n",
       "      <td>0.003200</td>\n",
       "      <td>0.146538</td>\n",
       "      <td>0.023712</td>\n",
       "    </tr>\n",
       "    <tr>\n",
       "      <th>WSO2</th>\n",
       "      <td>0.724741</td>\n",
       "      <td>0.221154</td>\n",
       "      <td>0.534631</td>\n",
       "      <td>0.495021</td>\n",
       "      <td>0.381232</td>\n",
       "      <td>0.136520</td>\n",
       "      <td>0.591000</td>\n",
       "      <td>-0.087440</td>\n",
       "      <td>0.622623</td>\n",
       "      <td>0.584564</td>\n",
       "      <td>1.000000</td>\n",
       "      <td>0.995656</td>\n",
       "      <td>0.513682</td>\n",
       "      <td>-0.129615</td>\n",
       "      <td>-0.016069</td>\n",
       "      <td>0.096776</td>\n",
       "      <td>0.017154</td>\n",
       "    </tr>\n",
       "    <tr>\n",
       "      <th>TOTAL_SO2</th>\n",
       "      <td>0.726136</td>\n",
       "      <td>0.229984</td>\n",
       "      <td>0.544311</td>\n",
       "      <td>0.480306</td>\n",
       "      <td>0.378345</td>\n",
       "      <td>0.137343</td>\n",
       "      <td>0.594354</td>\n",
       "      <td>-0.083536</td>\n",
       "      <td>0.692781</td>\n",
       "      <td>0.571791</td>\n",
       "      <td>0.995656</td>\n",
       "      <td>1.000000</td>\n",
       "      <td>0.509987</td>\n",
       "      <td>-0.152236</td>\n",
       "      <td>-0.020720</td>\n",
       "      <td>0.097307</td>\n",
       "      <td>0.016558</td>\n",
       "    </tr>\n",
       "    <tr>\n",
       "      <th>TOTAL_NO3</th>\n",
       "      <td>0.702431</td>\n",
       "      <td>0.775245</td>\n",
       "      <td>0.796080</td>\n",
       "      <td>0.564870</td>\n",
       "      <td>0.432192</td>\n",
       "      <td>0.235053</td>\n",
       "      <td>0.522962</td>\n",
       "      <td>-0.068791</td>\n",
       "      <td>0.307510</td>\n",
       "      <td>0.854559</td>\n",
       "      <td>0.513682</td>\n",
       "      <td>0.509987</td>\n",
       "      <td>1.000000</td>\n",
       "      <td>-0.073946</td>\n",
       "      <td>-0.000851</td>\n",
       "      <td>0.010595</td>\n",
       "      <td>0.022223</td>\n",
       "    </tr>\n",
       "    <tr>\n",
       "      <th>FLOW_VOLUME</th>\n",
       "      <td>-0.088086</td>\n",
       "      <td>-0.153264</td>\n",
       "      <td>-0.174184</td>\n",
       "      <td>0.053682</td>\n",
       "      <td>-0.054941</td>\n",
       "      <td>-0.099475</td>\n",
       "      <td>-0.080717</td>\n",
       "      <td>-0.180353</td>\n",
       "      <td>-0.275547</td>\n",
       "      <td>0.015689</td>\n",
       "      <td>-0.129615</td>\n",
       "      <td>-0.152236</td>\n",
       "      <td>-0.073946</td>\n",
       "      <td>1.000000</td>\n",
       "      <td>0.669596</td>\n",
       "      <td>0.302715</td>\n",
       "      <td>-0.004005</td>\n",
       "    </tr>\n",
       "    <tr>\n",
       "      <th>VALID_HOURS</th>\n",
       "      <td>-0.006632</td>\n",
       "      <td>-0.005436</td>\n",
       "      <td>-0.031365</td>\n",
       "      <td>0.058433</td>\n",
       "      <td>0.049241</td>\n",
       "      <td>0.034107</td>\n",
       "      <td>0.014928</td>\n",
       "      <td>0.011262</td>\n",
       "      <td>-0.049696</td>\n",
       "      <td>0.003200</td>\n",
       "      <td>-0.016069</td>\n",
       "      <td>-0.020720</td>\n",
       "      <td>-0.000851</td>\n",
       "      <td>0.669596</td>\n",
       "      <td>1.000000</td>\n",
       "      <td>-0.001181</td>\n",
       "      <td>0.005747</td>\n",
       "    </tr>\n",
       "    <tr>\n",
       "      <th>STD2LOCAL_CF</th>\n",
       "      <td>-0.007614</td>\n",
       "      <td>-0.158999</td>\n",
       "      <td>0.037806</td>\n",
       "      <td>0.018582</td>\n",
       "      <td>-0.279286</td>\n",
       "      <td>-0.385683</td>\n",
       "      <td>-0.089868</td>\n",
       "      <td>-0.394101</td>\n",
       "      <td>0.068242</td>\n",
       "      <td>0.146538</td>\n",
       "      <td>0.096776</td>\n",
       "      <td>0.097307</td>\n",
       "      <td>0.010595</td>\n",
       "      <td>0.302715</td>\n",
       "      <td>-0.001181</td>\n",
       "      <td>1.000000</td>\n",
       "      <td>0.011363</td>\n",
       "    </tr>\n",
       "    <tr>\n",
       "      <th>QA_CODE</th>\n",
       "      <td>-0.014159</td>\n",
       "      <td>0.011486</td>\n",
       "      <td>0.004497</td>\n",
       "      <td>-0.011063</td>\n",
       "      <td>-0.029720</td>\n",
       "      <td>-0.022030</td>\n",
       "      <td>0.002752</td>\n",
       "      <td>-0.042058</td>\n",
       "      <td>0.006305</td>\n",
       "      <td>0.023712</td>\n",
       "      <td>0.017154</td>\n",
       "      <td>0.016558</td>\n",
       "      <td>0.022223</td>\n",
       "      <td>-0.004005</td>\n",
       "      <td>0.005747</td>\n",
       "      <td>0.011363</td>\n",
       "      <td>1.000000</td>\n",
       "    </tr>\n",
       "  </tbody>\n",
       "</table>\n",
       "</div>"
      ],
      "text/plain": [
       "                  TSO4      TNO3      TNH4        Ca        Mg        Na  \\\n",
       "TSO4          1.000000  0.431491  0.654286  0.664801  0.667884  0.441099   \n",
       "TNO3          0.431491  1.000000  0.803569  0.329786  0.367819  0.289886   \n",
       "TNH4          0.654286  0.803569  1.000000  0.392129  0.218737  0.027599   \n",
       "Ca            0.664801  0.329786  0.392129  1.000000  0.649935  0.308132   \n",
       "Mg            0.667884  0.367819  0.218737  0.649935  1.000000  0.884034   \n",
       "Na            0.441099  0.289886  0.027599  0.308132  0.884034  1.000000   \n",
       "K             0.657658  0.377918  0.480440  0.637724  0.621111  0.378620   \n",
       "Cl            0.074109  0.085575 -0.148294  0.017668  0.625558  0.821084   \n",
       "NSO4          0.489416  0.219954  0.433722  0.213661  0.238553  0.101704   \n",
       "NHNO3         0.693232  0.334437  0.527029  0.579066  0.341450  0.106663   \n",
       "WSO2          0.724741  0.221154  0.534631  0.495021  0.381232  0.136520   \n",
       "TOTAL_SO2     0.726136  0.229984  0.544311  0.480306  0.378345  0.137343   \n",
       "TOTAL_NO3     0.702431  0.775245  0.796080  0.564870  0.432192  0.235053   \n",
       "FLOW_VOLUME  -0.088086 -0.153264 -0.174184  0.053682 -0.054941 -0.099475   \n",
       "VALID_HOURS  -0.006632 -0.005436 -0.031365  0.058433  0.049241  0.034107   \n",
       "STD2LOCAL_CF -0.007614 -0.158999  0.037806  0.018582 -0.279286 -0.385683   \n",
       "QA_CODE      -0.014159  0.011486  0.004497 -0.011063 -0.029720 -0.022030   \n",
       "\n",
       "                     K        Cl      NSO4     NHNO3      WSO2  TOTAL_SO2  \\\n",
       "TSO4          0.657658  0.074109  0.489416  0.693232  0.724741   0.726136   \n",
       "TNO3          0.377918  0.085575  0.219954  0.334437  0.221154   0.229984   \n",
       "TNH4          0.480440 -0.148294  0.433722  0.527029  0.534631   0.544311   \n",
       "Ca            0.637724  0.017668  0.213661  0.579066  0.495021   0.480306   \n",
       "Mg            0.621111  0.625558  0.238553  0.341450  0.381232   0.378345   \n",
       "Na            0.378620  0.821084  0.101704  0.106663  0.136520   0.137343   \n",
       "K             1.000000  0.132691  0.438335  0.472186  0.591000   0.594354   \n",
       "Cl            0.132691  1.000000 -0.026805 -0.181365 -0.087440  -0.083536   \n",
       "NSO4          0.438335 -0.026805  1.000000  0.277948  0.622623   0.692781   \n",
       "NHNO3         0.472186 -0.181365  0.277948  1.000000  0.584564   0.571791   \n",
       "WSO2          0.591000 -0.087440  0.622623  0.584564  1.000000   0.995656   \n",
       "TOTAL_SO2     0.594354 -0.083536  0.692781  0.571791  0.995656   1.000000   \n",
       "TOTAL_NO3     0.522962 -0.068791  0.307510  0.854559  0.513682   0.509987   \n",
       "FLOW_VOLUME  -0.080717 -0.180353 -0.275547  0.015689 -0.129615  -0.152236   \n",
       "VALID_HOURS   0.014928  0.011262 -0.049696  0.003200 -0.016069  -0.020720   \n",
       "STD2LOCAL_CF -0.089868 -0.394101  0.068242  0.146538  0.096776   0.097307   \n",
       "QA_CODE       0.002752 -0.042058  0.006305  0.023712  0.017154   0.016558   \n",
       "\n",
       "              TOTAL_NO3  FLOW_VOLUME  VALID_HOURS  STD2LOCAL_CF   QA_CODE  \n",
       "TSO4           0.702431    -0.088086    -0.006632     -0.007614 -0.014159  \n",
       "TNO3           0.775245    -0.153264    -0.005436     -0.158999  0.011486  \n",
       "TNH4           0.796080    -0.174184    -0.031365      0.037806  0.004497  \n",
       "Ca             0.564870     0.053682     0.058433      0.018582 -0.011063  \n",
       "Mg             0.432192    -0.054941     0.049241     -0.279286 -0.029720  \n",
       "Na             0.235053    -0.099475     0.034107     -0.385683 -0.022030  \n",
       "K              0.522962    -0.080717     0.014928     -0.089868  0.002752  \n",
       "Cl            -0.068791    -0.180353     0.011262     -0.394101 -0.042058  \n",
       "NSO4           0.307510    -0.275547    -0.049696      0.068242  0.006305  \n",
       "NHNO3          0.854559     0.015689     0.003200      0.146538  0.023712  \n",
       "WSO2           0.513682    -0.129615    -0.016069      0.096776  0.017154  \n",
       "TOTAL_SO2      0.509987    -0.152236    -0.020720      0.097307  0.016558  \n",
       "TOTAL_NO3      1.000000    -0.073946    -0.000851      0.010595  0.022223  \n",
       "FLOW_VOLUME   -0.073946     1.000000     0.669596      0.302715 -0.004005  \n",
       "VALID_HOURS   -0.000851     0.669596     1.000000     -0.001181  0.005747  \n",
       "STD2LOCAL_CF   0.010595     0.302715    -0.001181      1.000000  0.011363  \n",
       "QA_CODE        0.022223    -0.004005     0.005747      0.011363  1.000000  "
      ]
     },
     "execution_count": 107,
     "metadata": {},
     "output_type": "execute_result"
    }
   ],
   "source": [
    "df.corr()"
   ]
  },
  {
   "cell_type": "code",
   "execution_count": 110,
   "metadata": {},
   "outputs": [
    {
     "data": {
      "text/html": [
       "<div>\n",
       "<style scoped>\n",
       "    .dataframe tbody tr th:only-of-type {\n",
       "        vertical-align: middle;\n",
       "    }\n",
       "\n",
       "    .dataframe tbody tr th {\n",
       "        vertical-align: top;\n",
       "    }\n",
       "\n",
       "    .dataframe thead th {\n",
       "        text-align: right;\n",
       "    }\n",
       "</style>\n",
       "<table border=\"1\" class=\"dataframe\">\n",
       "  <thead>\n",
       "    <tr style=\"text-align: right;\">\n",
       "      <th></th>\n",
       "      <th>SITE_ID</th>\n",
       "      <th>DATEON</th>\n",
       "      <th>DATEOFF</th>\n",
       "      <th>TSO4</th>\n",
       "      <th>TNO3</th>\n",
       "      <th>TNH4</th>\n",
       "      <th>Ca</th>\n",
       "      <th>Mg</th>\n",
       "      <th>Na</th>\n",
       "      <th>K</th>\n",
       "      <th>...</th>\n",
       "      <th>TOTAL_NO3</th>\n",
       "      <th>FLOW_VOLUME</th>\n",
       "      <th>VALID_HOURS</th>\n",
       "      <th>COMMENT_CODES</th>\n",
       "      <th>STD2LOCAL_CF</th>\n",
       "      <th>TEMP_SOURCE</th>\n",
       "      <th>QA_CODE</th>\n",
       "      <th>UPDATE_DATE</th>\n",
       "      <th>date</th>\n",
       "      <th>year</th>\n",
       "    </tr>\n",
       "  </thead>\n",
       "  <tbody>\n",
       "    <tr>\n",
       "      <th>603</th>\n",
       "      <td>DEV412</td>\n",
       "      <td>1999-10-12</td>\n",
       "      <td>1999-10-19</td>\n",
       "      <td>0.7670</td>\n",
       "      <td>0.1619</td>\n",
       "      <td>0.3082</td>\n",
       "      <td>NaN</td>\n",
       "      <td>NaN</td>\n",
       "      <td>NaN</td>\n",
       "      <td>NaN</td>\n",
       "      <td>...</td>\n",
       "      <td>1.5688</td>\n",
       "      <td>30.0114</td>\n",
       "      <td>163</td>\n",
       "      <td>NaN</td>\n",
       "      <td>1.022884</td>\n",
       "      <td>sa</td>\n",
       "      <td>3</td>\n",
       "      <td>2003-04-30</td>\n",
       "      <td>1999-10-12</td>\n",
       "      <td>1999</td>\n",
       "    </tr>\n",
       "    <tr>\n",
       "      <th>1854</th>\n",
       "      <td>JOT403</td>\n",
       "      <td>2012-07-24</td>\n",
       "      <td>2012-07-31</td>\n",
       "      <td>1.2418</td>\n",
       "      <td>0.8182</td>\n",
       "      <td>0.3751</td>\n",
       "      <td>0.3108</td>\n",
       "      <td>0.067</td>\n",
       "      <td>0.2348</td>\n",
       "      <td>0.0565</td>\n",
       "      <td>...</td>\n",
       "      <td>2.5695</td>\n",
       "      <td>34.4915</td>\n",
       "      <td>164</td>\n",
       "      <td>NaN</td>\n",
       "      <td>1.168412</td>\n",
       "      <td>sa</td>\n",
       "      <td>3</td>\n",
       "      <td>2012-11-30</td>\n",
       "      <td>2012-07-24</td>\n",
       "      <td>2012</td>\n",
       "    </tr>\n",
       "    <tr>\n",
       "      <th>4246</th>\n",
       "      <td>SEK402</td>\n",
       "      <td>1997-09-23</td>\n",
       "      <td>1997-09-30</td>\n",
       "      <td>1.0184</td>\n",
       "      <td>0.5112</td>\n",
       "      <td>0.4585</td>\n",
       "      <td>NaN</td>\n",
       "      <td>NaN</td>\n",
       "      <td>NaN</td>\n",
       "      <td>NaN</td>\n",
       "      <td>...</td>\n",
       "      <td>2.0866</td>\n",
       "      <td>17.1549</td>\n",
       "      <td>167</td>\n",
       "      <td>NaN</td>\n",
       "      <td>1.141380</td>\n",
       "      <td>sa</td>\n",
       "      <td>3</td>\n",
       "      <td>2003-04-30</td>\n",
       "      <td>1997-09-23</td>\n",
       "      <td>1997</td>\n",
       "    </tr>\n",
       "  </tbody>\n",
       "</table>\n",
       "<p>3 rows × 25 columns</p>\n",
       "</div>"
      ],
      "text/plain": [
       "     SITE_ID      DATEON     DATEOFF    TSO4    TNO3    TNH4      Ca     Mg  \\\n",
       "603   DEV412  1999-10-12  1999-10-19  0.7670  0.1619  0.3082     NaN    NaN   \n",
       "1854  JOT403  2012-07-24  2012-07-31  1.2418  0.8182  0.3751  0.3108  0.067   \n",
       "4246  SEK402  1997-09-23  1997-09-30  1.0184  0.5112  0.4585     NaN    NaN   \n",
       "\n",
       "          Na       K  ...  TOTAL_NO3  FLOW_VOLUME  VALID_HOURS  COMMENT_CODES  \\\n",
       "603      NaN     NaN  ...     1.5688      30.0114          163            NaN   \n",
       "1854  0.2348  0.0565  ...     2.5695      34.4915          164            NaN   \n",
       "4246     NaN     NaN  ...     2.0866      17.1549          167            NaN   \n",
       "\n",
       "      STD2LOCAL_CF  TEMP_SOURCE  QA_CODE  UPDATE_DATE       date  year  \n",
       "603       1.022884           sa        3   2003-04-30 1999-10-12  1999  \n",
       "1854      1.168412           sa        3   2012-11-30 2012-07-24  2012  \n",
       "4246      1.141380           sa        3   2003-04-30 1997-09-23  1997  \n",
       "\n",
       "[3 rows x 25 columns]"
      ]
     },
     "execution_count": 110,
     "metadata": {},
     "output_type": "execute_result"
    }
   ],
   "source": [
    "df['date'] = df[['DATEON']].astype('datetime64')\n",
    "df['year'] = df['date'].dt.year\n",
    "df.sample(3)"
   ]
  },
  {
   "cell_type": "code",
   "execution_count": 112,
   "metadata": {},
   "outputs": [
    {
     "data": {
      "application/vnd.plotly.v1+json": {
       "config": {
        "plotlyServerURL": "https://plot.ly"
       },
       "data": [
        {
         "customdata": [
          [
           6.0754
          ],
          [
           4.0244
          ],
          [
           5.7479
          ],
          [
           5.0664
          ],
          [
           5.5863
          ],
          [
           7.3366
          ],
          [
           6.0183
          ],
          [
           4.3572
          ],
          [
           6.8593
          ],
          [
           5.0859
          ],
          [
           3.0003
          ],
          [
           5.9289
          ],
          [
           4.3687
          ],
          [
           4.1227
          ],
          [
           4.4034
          ],
          [
           5.1839
          ],
          [
           2.6052
          ],
          [
           1.6309
          ],
          [
           1.9709
          ],
          [
           4.2571
          ],
          [
           1.2472
          ],
          [
           1.4104
          ],
          [
           1.3969999999999998
          ],
          [
           1.4969
          ],
          [
           1.3198
          ],
          [
           0.5225
          ],
          [
           0.7587
          ],
          [
           0.5721
          ],
          [
           0.4855
          ],
          [
           2.6958
          ],
          [
           3.0035
          ],
          [
           5.1143
          ],
          [
           0.6614
          ],
          [
           1.2553
          ],
          [
           1.1326
          ],
          [
           2.7831
          ],
          [
           1.9382
          ],
          [
           2.7344
          ],
          [
           4.6286
          ],
          [
           4.5589
          ],
          [
           4.9237
          ],
          [
           5.1101
          ],
          [
           4.3444
          ],
          [
           3.3462
          ],
          [
           8.1104
          ],
          [
           7.9265
          ],
          [
           5.6582
          ],
          [
           8.6211
          ],
          [
           8.5917
          ],
          [
           6.191
          ],
          [
           8.8278
          ],
          [
           7.9052
          ],
          [
           4.0115
          ],
          [
           5.1617
          ],
          [
           3.6022
          ],
          [
           5.3649
          ],
          [
           6.0272
          ],
          [
           5.6347
          ],
          [
           6.0022
          ],
          [
           3.8588
          ],
          [
           6.2999
          ],
          [
           5.6694
          ],
          [
           3.1009
          ],
          [
           5.6172
          ],
          [
           3.8332
          ],
          [
           3.072
          ],
          [
           3.7161
          ],
          [
           3.0797
          ],
          [
           1.4964
          ],
          [
           2.3109
          ],
          [
           1.1769
          ],
          [
           0.8867
          ],
          [
           0.3496
          ],
          [
           0.5212
          ],
